GaussianNB
[[ 1  0  4  0  4  0  0  0  0  0  0  0  0  0  0  0  0  0  6  0  0  0  0  0
   0  0  0  0  0  0]
 [ 0  0  2  1  2  0  0  0  0  0  0  0  0  0  0  0  0  0  0  1  0  0  0  0
   0  0  0  0  0  0]
 [ 0  0  3  0  5  0  0  0  0  0  0  0  0  0  0  0  0  0  2  0  0  0  0  0
   0  0  0  0  0  0]
 [ 0  0  1  3  2  0  0  0  0  0  0  0  0  0  0  0  0  0  1  0  0  0  0  0
   0  0  0  0  0  0]
 [ 0  0  1  0  5  0  0  0  0  0  0  0  0  0  0  0  0  0  2  1  0  0  0  0
   0  0  0  0  0  0]
 [ 0  0  1  1  1  2  0  0  0  0  0  0  0  0  0  0  0  0  1  4  0  0  0  0
   0  0  0  0  0  0]
 [ 0  0  0  0  1  0  0  1  1  0  0  0  0  0  0  0  0  0  2  0  2  0  1  0
   0  0  0  0  0  0]
 [ 0  0  0  0  0  1  0  0  1  0  2  1  0  0  0  0  0  0  0  0  0  0  0  0
   0  0  0  0  0  0]
 [ 0  0  0  0  0  0  0  0  4  0  0  1  1  0  0  0  0  0  0  0  1  0  0  0
   0  0  0  0  0  0]
 [ 0  0  0  1  1  0  1  1  1  1  0  0  0  0  0  0  0  0  0  0  0  0  0  0
   0  0  0  0  0  0]
 [ 0  0  1  0  1  0  0  0  3  0  0  0  0  0  0  0  0  0  0  0  0  0  0  0
   0  0  0  0  0  0]
 [ 0  0  0  0  1  0  0  0  1  0  0  1  1  0  0  0  0  0  0  0  0  0  0  0
   0  0  3  0  0  0]
 [ 0  0  0  0  0  1  0  0  4  0  0  0  3  0  0  0  0  0  0  0  0  0  0  0
   0  0  0  0  0  0]
 [ 0  1  3  0  0  0  0  0  1  0  0  0  0  0  0  0  0  0  0  0  0  0  0  0
   0  0  0  0  0  0]
 [ 0  0  2  0  0  0  0  0  0  0  0  0  0  0  0  0  0  0  3  2  0  0  0  0
   0  0  0  0  0  0]
 [ 0  0  0  0  0  0  0  0  0  0  0  0  0  0  0 11  0  0  0  0  0  0  0  0
   0  0  0  0  0  0]
 [ 0  0  0  0  0  0  0  0  0  0  0  0  0  0  0  0  3  0  2  1  1  0  0  0
   0  0  0  0  0  0]
 [ 0  0  0  0  0  0  0  0  0  0  0  0  0  0  0  0  0  0  0  1  0  0  0  0
   0  0  0  0  0  0]
 [ 0  0  0  0  1  0  0  0  0  0  0  0  0  0  0  0  0  0  5  1  0  0  0  0
   0  0  0  0  0  0]
 [ 0  0  0  0  1  0  0  0  0  0  0  0  0  0  0  0  0  0  1  0  0  0  0  0
   0  0  0  0  0  0]
 [ 0  0  0  1  0  0  0  0  0  0  0  0  0  0  0  0  1  0  2  1  0  0  0  0
   0  0  0  0  0  0]
 [ 0  1  0  0  0  0  0  0  0  0  0  0  0  0  0  0  0  0  0  3  1  0  0  0
   0  0  0  0  0  0]
 [ 0  0  0  3  0  0  0  0  0  0  0  0  0  0  0  0  1  0  1  1  1  0  2  0
   0  0  0  0  0  0]
 [ 0  0  0  1  0  0  0  0  1  0  0  0  0  0  0  1  0  0  2  2  1  1  0  3
   0  1  0  0  0  1]
 [ 0  0  0  0  0  1  0  0  0  0  0  0  0  0  0  0  0  0  0  0  0  0  0  0
   0  2  0  0  0  0]
 [ 0  0  0  0  0  0  0  0  1  0  0  0  0  0  0  0  0  0  0  0  1  0  0  0
   0  2  0  0  0  1]
 [ 0  0  0  0  1  0  0  1  0  0  0  0  0  0  0  0  0  0  0  0  0  0  0  1
   0  2  0  0  0  0]
 [ 0  0  0  0  0  1  2  0  0  0  0  0  1  0  0  0  0  0  0  0  0  0  0  2
   0  1  1  0  0  0]
 [ 0  0  0  0  0  0  0  0  1  0  0  0  0  0  0  0  1  0  0  0  0  0  0  0
   0  0  0  0  0  1]
 [ 0  0  1  0  0  0  0  0  0  0  0  2  0  0  0  0  0  0  0  0  0  0  0  2
   0  0  0  0  0  1]]
              precision    recall  f1-score   support

           0       1.00      0.07      0.12        15
           1       0.00      0.00      0.00         6
           2       0.16      0.30      0.21        10
           3       0.27      0.43      0.33         7
           4       0.19      0.56      0.29         9
           5       0.33      0.20      0.25        10
           6       0.00      0.00      0.00         8
           7       0.00      0.00      0.00         5
           8       0.21      0.57      0.31         7
           9       1.00      0.17      0.29         6
          10       0.00      0.00      0.00         5
          11       0.20      0.14      0.17         7
          12       0.50      0.38      0.43         8
          13       0.00      0.00      0.00         5
          14       0.00      0.00      0.00         7
          15       0.92      1.00      0.96        11
          16       0.50      0.43      0.46         7
          17       0.00      0.00      0.00         1
          18       0.17      0.71      0.27         7
          19       0.00      0.00      0.00         2
          20       0.00      0.00      0.00         5
          21       0.00      0.00      0.00         5
          22       0.67      0.22      0.33         9
          23       0.38      0.21      0.27        14
          24       0.00      0.00      0.00         3
          25       0.25      0.40      0.31         5
          26       0.00      0.00      0.00         5
          27       0.00      0.00      0.00         8
          28       0.00      0.00      0.00         3
          29       0.25      0.17      0.20         6

    accuracy                           0.24       206
   macro avg       0.23      0.20      0.17       206
weighted avg       0.32      0.24      0.22       206

0.24271844660194175
GradientBoostingClassifier
[[3 0 2 1 2 0 1 1 0 0 0 1 0 0 0 1 0 0 1 0 0 2 0 0 0 0 0 0 0 0]
 [0 1 2 0 2 0 0 0 0 0 0 0 0 0 0 0 0 0 0 0 0 0 0 1 0 0 0 0 0 0]
 [1 0 2 0 3 0 0 0 0 0 1 0 0 0 0 0 0 0 1 1 0 0 0 0 0 0 1 0 0 0]
 [0 1 1 2 2 1 0 0 0 0 0 0 0 0 0 0 0 0 0 0 0 0 0 0 0 0 0 0 0 0]
 [1 1 0 1 3 0 0 0 0 0 0 0 0 0 0 0 2 0 1 0 0 0 0 0 0 0 0 0 0 0]
 [0 2 3 1 2 2 0 0 0 0 0 0 0 0 0 0 0 0 0 0 0 0 0 0 0 0 0 0 0 0]
 [0 1 0 0 2 0 0 0 0 0 0 3 0 0 0 1 1 0 0 0 0 0 0 0 0 0 0 0 0 0]
 [0 0 3 0 0 0 0 0 0 0 0 1 0 0 0 0 0 0 1 0 0 0 0 0 0 0 0 0 0 0]
 [0 1 0 0 0 1 1 0 0 0 1 0 0 0 1 0 0 0 1 0 0 0 0 0 0 0 0 0 0 1]
 [0 0 1 1 0 0 0 0 1 1 0 0 0 1 0 0 0 0 0 0 0 0 0 0 0 1 0 0 0 0]
 [0 0 0 0 0 0 0 0 2 0 1 0 0 0 0 0 0 0 0 0 0 0 0 2 0 0 0 0 0 0]
 [0 0 1 1 1 0 0 0 0 0 0 1 0 0 0 0 0 0 0 1 0 0 0 0 0 0 2 0 0 0]
 [0 0 0 1 1 1 0 0 2 0 0 0 0 1 0 0 0 0 0 0 0 0 0 1 0 1 0 0 0 0]
 [0 0 0 0 0 0 1 0 2 1 0 0 0 0 0 0 0 0 0 0 0 0 0 0 0 0 0 1 0 0]
 [0 0 2 0 0 0 0 1 0 0 0 0 0 0 1 0 0 0 0 2 0 0 0 0 0 0 0 1 0 0]
 [0 0 0 1 0 0 0 0 0 0 0 0 0 0 0 9 0 0 0 0 0 0 0 1 0 0 0 0 0 0]
 [1 0 1 1 2 0 0 0 0 0 0 0 0 0 0 0 1 0 0 0 1 0 0 0 0 0 0 0 0 0]
 [0 0 0 0 0 0 0 0 0 0 0 0 0 0 0 0 0 1 0 0 0 0 0 0 0 0 0 0 0 0]
 [0 1 1 0 0 0 0 0 0 0 0 1 0 0 0 0 0 0 3 1 0 0 0 0 0 0 0 0 0 0]
 [0 0 0 0 0 0 0 1 0 0 0 1 0 0 0 0 0 0 0 0 0 0 0 0 0 0 0 0 0 0]
 [0 1 0 0 0 0 0 0 0 0 0 1 0 0 0 0 0 0 1 0 1 0 0 0 0 0 1 0 0 0]
 [0 0 0 1 2 0 0 0 1 0 0 0 0 0 0 0 0 0 0 0 0 0 0 0 0 0 0 1 0 0]
 [1 0 1 2 1 0 0 0 0 0 0 0 0 0 0 0 0 0 0 0 1 0 3 0 0 0 0 0 0 0]
 [0 0 0 1 6 0 0 0 1 0 0 0 0 0 0 0 0 0 3 0 1 0 0 1 0 0 1 0 0 0]
 [0 1 0 1 1 0 0 0 0 0 0 0 0 0 0 0 0 0 0 0 0 0 0 0 0 0 0 0 0 0]
 [1 0 0 1 0 0 0 0 0 0 0 1 0 0 0 0 0 0 0 0 0 0 0 0 0 2 0 0 0 0]
 [0 0 0 0 0 0 0 0 1 0 0 0 0 0 0 0 0 0 0 0 0 0 0 0 0 1 0 0 0 3]
 [0 0 0 0 0 0 0 0 0 0 0 0 0 1 0 0 0 0 0 0 0 0 0 0 1 2 2 0 0 2]
 [0 0 0 0 0 0 0 0 0 0 0 0 0 0 0 0 0 0 1 0 0 0 0 0 0 0 2 0 0 0]
 [0 1 0 0 0 0 0 0 0 0 0 0 0 0 0 0 0 0 0 0 0 0 0 1 0 0 0 0 0 4]]
              precision    recall  f1-score   support

           0       0.38      0.20      0.26        15
           1       0.09      0.17      0.12         6
           2       0.10      0.20      0.13        10
           3       0.12      0.29      0.17         7
           4       0.10      0.33      0.15         9
           5       0.40      0.20      0.27        10
           6       0.00      0.00      0.00         8
           7       0.00      0.00      0.00         5
           8       0.00      0.00      0.00         7
           9       0.50      0.17      0.25         6
          10       0.33      0.20      0.25         5
          11       0.10      0.14      0.12         7
          12       0.00      0.00      0.00         8
          13       0.00      0.00      0.00         5
          14       0.50      0.14      0.22         7
          15       0.82      0.82      0.82        11
          16       0.25      0.14      0.18         7
          17       1.00      1.00      1.00         1
          18       0.23      0.43      0.30         7
          19       0.00      0.00      0.00         2
          20       0.25      0.20      0.22         5
          21       0.00      0.00      0.00         5
          22       1.00      0.33      0.50         9
          23       0.14      0.07      0.10        14
          24       0.00      0.00      0.00         3
          25       0.29      0.40      0.33         5
          26       0.00      0.00      0.00         5
          27       0.00      0.00      0.00         8
          28       0.00      0.00      0.00         3
          29       0.40      0.67      0.50         6

    accuracy                           0.20       206
   macro avg       0.23      0.20      0.20       206
weighted avg       0.25      0.20      0.20       206

0.20388349514563106
