GaussianNB
[[ 1  0  1  1  5  1  0  0  0  0  0  0  0  0  1  1  0  0  0  0  5  0  0  0
   0  0  0  0  0  0]
 [ 0  4  1  0  3  0  0  0  0  0  0  0  0  0  0  0  0  0  0  0  0  0  0  0
   0  0  0  0  0  0]
 [ 0  0  1  0 10  0  0  0  0  0  0  0  0  0  0  0  0  0  0  0  2  0  0  0
   0  0  0  0  0  0]
 [ 0  2  2  2  3  1  0  0  0  0  0  0  0  0  0  0  0  0  0  0  1  0  0  0
   0  0  0  0  0  0]
 [ 0  0  0  0  4  0  0  0  0  0  0  0  0  0  1  0  0  0  1  0  2  0  0  0
   0  0  0  0  0  0]
 [ 0  0  0  0  1  3  1  0  0  0  0  0  0  0  0  1  0  0  2  1  1  0  0  0
   0  0  0  0  0  0]
 [ 1  0  0  1  0  0  3  0  0  0  0  2  0  0  0  2  0  0  0  0  0  0  1  0
   0  0  0  0  0  0]
 [ 0  0  0  0  0  0  1  3  0  0  0  0  1  0  0  0  0  0  0  0  1  0  0  0
   0  0  0  0  0  0]
 [ 0  0  0  0  0  0  3  1  4  0  0  0  1  0  0  0  0  0  0  0  0  0  0  0
   0  0  0  0  0  0]
 [ 0  1  0  0  1  0  1  0  0  2  0  0  0  1  0  0  0  0  0  0  1  0  0  0
   0  0  0  0  0  0]
 [ 0  0  0  0  0  1  1  1  3  0  0  0  1  0  0  0  0  0  0  0  1  0  0  0
   0  0  0  0  0  0]
 [ 0  0  0  0  1  1  3  2  2  0  0  1  1  0  0  0  0  0  0  0  2  0  0  0
   0  1  0  0  0  0]
 [ 0  0  0  0  1  0  1  0  1  0  1  0  5  0  0  0  0  0  0  0  0  0  0  0
   0  0  0  0  0  0]
 [ 0  0  0  0  0  0  0  0  0  0  0  0  1  1  0  0  0  0  0  0  0  0  0  0
   0  0  0  0  0  0]
 [ 0  0  0  0  1  0  0  0  0  0  0  0  0  0  2  0  0  0  0  0  4  0  0  0
   0  0  0  0  0  0]
 [ 0  0  0  0  0  0  0  0  0  0  0  0  0  0  0  9  0  0  0  0  2  0  0  0
   0  0  0  0  0  0]
 [ 0  0  0  0  1  0  0  0  0  0  0  0  0  0  0  0  3  0  0  0  3  0  2  0
   0  0  0  0  0  0]
 [ 0  0  0  0  1  0  0  0  0  0  0  0  0  0  1  0  0  3  0  2  2  0  0  0
   0  0  0  0  0  0]
 [ 0  0  0  0  2  0  0  0  0  0  0  0  0  0  0  0  0  0  3  0  7  0  0  0
   0  0  0  0  0  0]
 [ 0  0  0  0  0  0  0  0  0  0  0  0  0  0  1  0  0  0  0  0  3  0  1  0
   0  0  0  0  0  0]
 [ 0  0  0  0  1  1  0  0  0  0  0  0  0  0  0  0  0  0  0  0  3  0  0  0
   0  0  0  0  0  0]
 [ 0  0  0  0  0  1  0  0  0  0  0  0  0  0  0  0  0  0  0  0  2  0  1  0
   0  0  0  0  0  0]
 [ 0  0  0  2  1  0  0  0  0  0  0  0  0  0  0  2  0  0  0  1  3  0  0  0
   0  0  0  0  0  0]
 [ 0  1  0  0  0  0  1  0  1  0  1  0  0  0  0  0  0  0  0  0  1  0  0  3
   1  2  0  0  0  1]
 [ 0  1  1  1  0  0  1  0  0  0  0  0  0  0  0  0  1  0  1  0  1  0  0  0
   2  4  0  0  0  0]
 [ 0  0  0  0  0  0  1  0  0  0  0  0  0  0  0  1  0  0  0  0  0  0  0  0
   2  6  0  0  0  0]
 [ 0  1  0  0  0  0  0  0  0  0  0  0  0  0  0  0  0  0  0  0  0  0  0  0
   1  4  0  0  3  0]
 [ 0  0  0  0  2  0  5  0  0  0  0  0  1  0  0  0  0  0  0  0  0  0  0  2
   1  2  0  0  2  1]
 [ 0  0  0  0  0  0  0  0  0  0  0  0  0  0  0  0  0  0  0  0  4  0  0  0
   0  0  0  0  2  0]
 [ 0  0  1  0  0  1  0  0  0  0  0  0  0  0  0  0  0  0  0  0  2  0  2  1
   0  1  0  0  0  0]]
              precision    recall  f1-score   support

           0       0.50      0.06      0.11        16
           1       0.40      0.50      0.44         8
           2       0.14      0.08      0.10        13
           3       0.29      0.18      0.22        11
           4       0.11      0.50      0.17         8
           5       0.30      0.30      0.30        10
           6       0.14      0.30      0.19        10
           7       0.43      0.50      0.46         6
           8       0.36      0.44      0.40         9
           9       1.00      0.29      0.44         7
          10       0.00      0.00      0.00         8
          11       0.33      0.07      0.12        14
          12       0.45      0.56      0.50         9
          13       0.50      0.50      0.50         2
          14       0.33      0.29      0.31         7
          15       0.56      0.82      0.67        11
          16       0.75      0.33      0.46         9
          17       1.00      0.33      0.50         9
          18       0.43      0.25      0.32        12
          19       0.00      0.00      0.00         5
          20       0.06      0.60      0.10         5
          21       0.00      0.00      0.00         4
          22       0.00      0.00      0.00         9
          23       0.50      0.25      0.33        12
          24       0.29      0.15      0.20        13
          25       0.30      0.60      0.40        10
          26       0.00      0.00      0.00         9
          27       0.00      0.00      0.00        16
          28       0.29      0.33      0.31         6
          29       0.00      0.00      0.00         8

    accuracy                           0.25       276
   macro avg       0.32      0.27      0.25       276
weighted avg       0.32      0.25      0.24       276

0.2536231884057971
GradientBoostingClassifier
[[4 1 1 0 6 0 0 1 1 0 0 0 1 0 0 0 0 0 0 0 0 1 0 0 0 0 0 0 0 0]
 [1 1 0 0 0 1 0 1 0 1 0 0 0 0 2 0 0 0 0 0 0 0 0 0 1 0 0 0 0 0]
 [1 1 0 0 5 0 0 1 0 1 0 0 0 0 1 0 1 0 0 0 1 1 0 0 0 0 0 0 0 0]
 [1 3 0 1 3 0 1 0 0 0 1 0 0 0 0 0 0 0 0 0 1 0 0 0 0 0 0 0 0 0]
 [2 3 1 0 1 0 1 0 0 0 0 0 0 0 0 0 0 0 0 0 0 0 0 0 0 0 0 0 0 0]
 [0 2 0 3 1 1 0 0 0 0 0 1 1 0 1 0 0 0 0 0 0 0 0 0 0 0 0 0 0 0]
 [0 0 0 0 2 1 2 0 0 1 0 2 1 0 0 0 0 0 0 0 0 0 0 0 0 1 0 0 0 0]
 [0 0 0 0 0 0 1 1 0 1 1 0 1 0 0 0 0 0 0 0 0 0 0 0 0 1 0 0 0 0]
 [0 1 1 0 0 0 0 1 1 2 0 0 0 1 0 0 1 0 0 0 0 0 0 0 0 1 0 0 0 0]
 [0 0 0 0 5 0 0 0 0 1 0 1 0 0 0 0 0 0 0 0 0 0 0 0 0 0 0 0 0 0]
 [0 0 0 0 1 0 0 0 0 0 2 0 1 1 1 0 1 0 0 0 1 0 0 0 0 0 0 0 0 0]
 [0 0 0 1 4 1 2 2 1 0 0 0 0 1 0 0 0 0 0 0 0 0 0 1 0 1 0 0 0 0]
 [0 0 0 0 0 0 1 1 1 0 2 0 1 2 0 0 0 0 0 0 0 0 0 0 0 1 0 0 0 0]
 [0 0 0 0 0 0 0 0 0 1 0 0 0 0 0 0 0 0 0 0 0 1 0 0 0 0 0 0 0 0]
 [0 0 0 2 0 0 0 0 0 0 1 0 0 0 2 0 1 0 0 1 0 0 0 0 0 0 0 0 0 0]
 [0 0 0 0 1 0 0 0 0 0 0 0 0 0 0 7 0 0 1 0 2 0 0 0 0 0 0 0 0 0]
 [0 0 1 1 1 0 0 0 1 0 0 0 0 2 0 0 3 0 0 0 0 0 0 0 0 0 0 0 0 0]
 [0 1 0 0 0 0 0 0 0 0 0 0 0 0 1 3 0 3 0 0 1 0 0 0 0 0 0 0 0 0]
 [0 0 0 0 2 1 0 0 0 0 0 0 0 0 1 0 0 0 7 0 1 0 0 0 0 0 0 0 0 0]
 [0 0 0 3 0 0 1 0 0 0 0 0 0 0 0 0 0 0 0 0 0 0 1 0 0 0 0 0 0 0]
 [0 0 0 0 0 0 0 1 0 0 0 0 0 1 2 0 0 0 1 0 0 0 0 0 0 0 0 0 0 0]
 [0 0 0 0 1 0 0 0 0 0 0 0 0 0 0 0 0 0 0 1 0 1 0 0 0 0 0 1 0 0]
 [0 0 0 1 3 0 1 1 0 0 0 0 0 0 1 0 0 0 0 0 0 0 2 0 0 0 0 0 0 0]
 [0 1 0 2 3 0 0 0 1 1 1 0 0 0 1 0 0 0 0 0 0 0 0 0 0 1 0 0 1 0]
 [1 0 0 0 1 0 0 1 1 0 1 0 0 0 1 0 2 0 0 0 0 0 2 0 3 0 0 0 0 0]
 [0 0 0 0 1 1 1 0 0 0 0 0 0 0 1 0 0 0 0 0 0 0 0 0 1 4 0 0 0 1]
 [0 0 0 0 1 1 0 0 0 0 0 0 0 0 0 0 1 0 0 0 0 0 0 2 1 2 0 0 0 1]
 [0 0 1 1 2 0 0 0 3 0 0 1 0 0 0 0 0 0 0 0 0 0 0 1 1 3 0 1 1 1]
 [0 2 0 0 1 0 0 1 0 0 0 0 0 0 0 0 0 0 0 0 0 0 0 0 0 0 0 0 2 0]
 [0 0 0 0 1 0 0 0 0 0 0 1 0 0 0 0 1 0 0 0 0 0 0 1 0 0 0 0 0 4]]
              precision    recall  f1-score   support

           0       0.40      0.25      0.31        16
           1       0.06      0.12      0.08         8
           2       0.00      0.00      0.00        13
           3       0.07      0.09      0.08        11
           4       0.02      0.12      0.04         8
           5       0.14      0.10      0.12        10
           6       0.18      0.20      0.19        10
           7       0.08      0.17      0.11         6
           8       0.10      0.11      0.11         9
           9       0.11      0.14      0.12         7
          10       0.22      0.25      0.24         8
          11       0.00      0.00      0.00        14
          12       0.17      0.11      0.13         9
          13       0.00      0.00      0.00         2
          14       0.13      0.29      0.18         7
          15       0.70      0.64      0.67        11
          16       0.27      0.33      0.30         9
          17       1.00      0.33      0.50         9
          18       0.78      0.58      0.67        12
          19       0.00      0.00      0.00         5
          20       0.00      0.00      0.00         5
          21       0.25      0.25      0.25         4
          22       0.40      0.22      0.29         9
          23       0.00      0.00      0.00        12
          24       0.43      0.23      0.30        13
          25       0.27      0.40      0.32        10
          26       0.00      0.00      0.00         9
          27       0.50      0.06      0.11        16
          28       0.50      0.33      0.40         6
          29       0.57      0.50      0.53         8

    accuracy                           0.20       276
   macro avg       0.25      0.19      0.20       276
weighted avg       0.27      0.20      0.21       276

0.19927536231884058
