GaussianNB
[[0 0 0 ... 0 0 0]
 [0 0 0 ... 0 0 0]
 [0 0 0 ... 0 0 0]
 ...
 [0 0 0 ... 0 0 0]
 [0 0 0 ... 0 0 0]
 [0 0 0 ... 0 0 1]]
              precision    recall  f1-score   support

           0       0.00      0.00      0.00         2
           1       0.00      0.00      0.00         2
           2       0.00      0.00      0.00         3
           3       0.00      0.00      0.00         4
           4       0.00      0.00      0.00         1
           5       0.00      0.00      0.00         2
           6       0.00      0.00      0.00         4
           7       0.00      0.00      0.00         0
           8       0.00      0.00      0.00         1
           9       0.00      0.00      0.00         4
          10       0.00      0.00      0.00         1
          11       0.00      0.00      0.00         3
          12       0.00      0.00      0.00         2
          13       0.00      0.00      0.00         2
          14       0.00      0.00      0.00         2
          15       0.00      0.00      0.00         3
          16       0.00      0.00      0.00         4
          17       0.00      0.00      0.00         2
          18       0.00      0.00      0.00         3
          19       0.00      0.00      0.00         3
          20       0.00      0.00      0.00         2
          21       0.00      0.00      0.00         2
          22       0.00      0.00      0.00         2
          23       1.00      1.00      1.00         1
          24       0.00      0.00      0.00         1
          25       0.50      0.67      0.57         3
          26       0.50      0.50      0.50         2
          27       0.00      0.00      0.00         2
          28       0.00      0.00      0.00         0
          29       0.00      0.00      0.00         3
          30       0.00      0.00      0.00         3
          31       0.00      0.00      0.00         3
          32       0.00      0.00      0.00         1
          33       0.00      0.00      0.00         1
          34       0.00      0.00      0.00         2
          35       0.00      0.00      0.00         1
          36       0.00      0.00      0.00         3
          37       0.00      0.00      0.00         0
          38       0.00      0.00      0.00         2
          39       0.00      0.00      0.00         1
          40       0.00      0.00      0.00         3
          41       1.00      0.33      0.50         3
          42       0.00      0.00      0.00         3
          43       0.00      0.00      0.00         3
          44       0.00      0.00      0.00         1
          45       0.00      0.00      0.00         2
          46       0.00      0.00      0.00         2
          47       0.00      0.00      0.00         1
          48       0.00      0.00      0.00         4
          49       0.00      0.00      0.00         5
          50       0.00      0.00      0.00         2
          51       0.00      0.00      0.00         4
          52       0.00      0.00      0.00         3
          53       0.00      0.00      0.00         2
          54       0.00      0.00      0.00         2
          55       0.00      0.00      0.00         3
          56       0.00      0.00      0.00         2
          57       0.00      0.00      0.00         1
          58       0.00      0.00      0.00         1
          59       0.00      0.00      0.00         1
          60       0.25      0.50      0.33         2
          61       0.00      0.00      0.00         4
          62       0.25      1.00      0.40         1
          63       0.33      1.00      0.50         1
          64       0.00      0.00      0.00         1
          65       1.00      0.33      0.50         3
          66       0.00      0.00      0.00         4
          67       0.05      1.00      0.09         2
          68       0.00      0.00      0.00         2
          69       0.00      0.00      0.00         4
          70       0.00      0.00      0.00         1
          71       0.00      0.00      0.00         2
          72       0.00      0.00      0.00         3
          73       0.00      0.00      0.00         4
          74       0.00      0.00      0.00         3
          75       0.00      0.00      0.00         3
          76       0.00      0.00      0.00         0
          77       0.00      0.00      0.00         1
          78       0.00      0.00      0.00         3
          79       0.00      0.00      0.00         3
          80       0.00      0.00      0.00         1
          81       0.00      0.00      0.00         1
          82       0.00      0.00      0.00         2
          83       0.00      0.00      0.00         2
          84       0.00      0.00      0.00         3
          85       0.00      0.00      0.00         2
          86       0.12      0.50      0.20         2
          87       0.00      0.00      0.00         4
          88       0.00      0.00      0.00         4
          89       0.00      0.00      0.00         3
          90       0.00      0.00      0.00         1
          91       0.00      0.00      0.00         2
          92       0.00      0.00      0.00         4
          93       0.00      0.00      0.00         3
          94       0.00      0.00      0.00         2
          95       0.08      1.00      0.15         1
          96       0.00      0.00      0.00         2
          97       0.00      0.00      0.00         2
          98       0.00      0.00      0.00         3
          99       0.00      0.00      0.00         4
         100       0.00      0.00      0.00         1
         101       0.00      0.00      0.00         2
         102       0.00      0.00      0.00         3
         103       0.00      0.00      0.00         4
         104       0.00      0.00      0.00         0
         105       0.00      0.00      0.00         2
         106       0.00      0.00      0.00         2
         107       0.00      0.00      0.00         3
         108       0.00      0.00      0.00         4
         109       0.00      0.00      0.00         4
         110       0.00      0.00      0.00         6
         111       0.00      0.00      0.00         3
         112       0.00      0.00      0.00         3
         113       0.00      0.00      0.00         1
         114       0.67      1.00      0.80         2
         115       0.00      0.00      0.00         1
         116       0.00      0.00      0.00         2
         117       0.00      0.00      0.00         2
         118       0.00      0.00      0.00         2
         119       0.17      0.33      0.22         3

    accuracy                           0.06       276
   macro avg       0.05      0.08      0.05       276
weighted avg       0.05      0.06      0.04       276

0.057971014492753624
GradientBoostingClassifier
[[0 0 0 ... 0 0 0]
 [0 0 0 ... 0 0 0]
 [0 0 0 ... 0 0 0]
 ...
 [0 0 0 ... 0 0 0]
 [0 0 0 ... 0 0 0]
 [0 0 0 ... 0 1 0]]
              precision    recall  f1-score   support

           0       0.00      0.00      0.00         2
           1       0.00      0.00      0.00         2
           2       0.00      0.00      0.00         3
           3       0.00      0.00      0.00         4
           4       0.00      0.00      0.00         1
           5       0.00      0.00      0.00         2
           6       0.00      0.00      0.00         4
           7       0.00      0.00      0.00         0
           8       0.00      0.00      0.00         1
           9       0.00      0.00      0.00         4
          10       0.25      1.00      0.40         1
          11       0.00      0.00      0.00         3
          12       0.00      0.00      0.00         2
          13       0.00      0.00      0.00         2
          14       0.00      0.00      0.00         2
          15       0.00      0.00      0.00         3
          16       0.00      0.00      0.00         4
          17       0.00      0.00      0.00         2
          18       0.00      0.00      0.00         3
          19       0.00      0.00      0.00         3
          20       0.00      0.00      0.00         2
          21       0.00      0.00      0.00         2
          22       0.00      0.00      0.00         2
          23       0.00      0.00      0.00         1
          24       0.00      0.00      0.00         1
          25       0.50      0.67      0.57         3
          26       0.10      0.50      0.17         2
          27       0.00      0.00      0.00         2
          28       0.00      0.00      0.00         0
          29       0.00      0.00      0.00         3
          30       0.00      0.00      0.00         3
          31       0.00      0.00      0.00         3
          32       0.00      0.00      0.00         1
          33       0.00      0.00      0.00         1
          34       1.00      0.50      0.67         2
          35       0.00      0.00      0.00         1
          36       0.00      0.00      0.00         3
          37       0.00      0.00      0.00         0
          38       0.00      0.00      0.00         2
          39       0.00      0.00      0.00         1
          40       0.20      0.33      0.25         3
          41       1.00      0.33      0.50         3
          42       0.00      0.00      0.00         3
          43       0.33      0.33      0.33         3
          44       0.00      0.00      0.00         1
          45       0.00      0.00      0.00         2
          46       0.00      0.00      0.00         2
          47       0.00      0.00      0.00         1
          48       0.00      0.00      0.00         4
          49       0.00      0.00      0.00         5
          50       0.33      0.50      0.40         2
          51       0.50      0.25      0.33         4
          52       0.00      0.00      0.00         3
          53       0.00      0.00      0.00         2
          54       0.00      0.00      0.00         2
          55       0.00      0.00      0.00         3
          56       0.00      0.00      0.00         2
          57       0.00      0.00      0.00         1
          58       0.00      0.00      0.00         1
          59       1.00      1.00      1.00         1
          60       0.00      0.00      0.00         2
          61       1.00      0.25      0.40         4
          62       0.00      0.00      0.00         1
          63       0.00      0.00      0.00         1
          64       0.00      0.00      0.00         1
          65       0.00      0.00      0.00         3
          66       0.00      0.00      0.00         4
          67       0.00      0.00      0.00         2
          68       0.00      0.00      0.00         2
          69       0.00      0.00      0.00         4
          70       0.00      0.00      0.00         1
          71       0.00      0.00      0.00         2
          72       0.00      0.00      0.00         3
          73       0.00      0.00      0.00         4
          74       0.00      0.00      0.00         3
          75       0.00      0.00      0.00         3
          77       0.00      0.00      0.00         1
          78       0.00      0.00      0.00         3
          79       0.00      0.00      0.00         3
          80       0.00      0.00      0.00         1
          81       0.00      0.00      0.00         1
          82       0.00      0.00      0.00         2
          83       0.00      0.00      0.00         2
          84       0.00      0.00      0.00         3
          85       0.50      0.50      0.50         2
          86       0.50      0.50      0.50         2
          87       0.00      0.00      0.00         4
          88       0.50      0.25      0.33         4
          89       0.00      0.00      0.00         3
          90       0.00      0.00      0.00         1
          91       0.00      0.00      0.00         2
          92       0.00      0.00      0.00         4
          93       0.00      0.00      0.00         3
          94       0.00      0.00      0.00         2
          95       0.00      0.00      0.00         1
          96       0.00      0.00      0.00         2
          97       0.00      0.00      0.00         2
          98       0.00      0.00      0.00         3
          99       0.00      0.00      0.00         4
         100       0.17      1.00      0.29         1
         101       0.00      0.00      0.00         2
         102       0.33      0.33      0.33         3
         103       0.00      0.00      0.00         4
         105       0.00      0.00      0.00         2
         106       0.00      0.00      0.00         2
         107       0.00      0.00      0.00         3
         108       0.00      0.00      0.00         4
         109       0.00      0.00      0.00         4
         110       0.00      0.00      0.00         6
         111       0.00      0.00      0.00         3
         112       0.14      0.33      0.20         3
         113       0.00      0.00      0.00         1
         114       0.33      0.50      0.40         2
         115       0.00      0.00      0.00         1
         116       0.50      0.50      0.50         2
         117       0.00      0.00      0.00         2
         118       0.00      0.00      0.00         2
         119       0.00      0.00      0.00         3

    accuracy                           0.07       276
   macro avg       0.08      0.08      0.07       276
weighted avg       0.09      0.07      0.07       276

0.07246376811594203
