GaussianNB
[[0 0 0 ... 0 0 0]
 [0 0 0 ... 0 0 0]
 [0 0 0 ... 0 0 0]
 ...
 [0 0 0 ... 0 0 0]
 [0 0 0 ... 0 0 0]
 [0 0 0 ... 0 0 0]]
              precision    recall  f1-score   support

           0       0.00      0.00      0.00         3
           1       0.00      0.00      0.00         2
           2       0.00      0.00      0.00         3
           3       0.00      0.00      0.00         3
           4       0.00      0.00      0.00         1
           5       0.00      0.00      0.00         3
           6       0.00      0.00      0.00         4
           7       0.00      0.00      0.00         0
           8       0.00      0.00      0.00         2
           9       0.00      0.00      0.00         3
          10       0.11      1.00      0.20         1
          11       0.00      0.00      0.00         2
          12       0.00      0.00      0.00         2
          13       0.00      0.00      0.00         0
          14       0.00      0.00      0.00         2
          15       0.07      0.50      0.12         2
          16       0.00      0.00      0.00         2
          17       0.00      0.00      0.00         1
          18       0.00      0.00      0.00         3
          19       0.00      0.00      0.00         3
          21       0.00      0.00      0.00         0
          22       0.00      0.00      0.00         5
          24       0.00      0.00      0.00         1
          25       0.00      0.00      0.00         3
          27       0.00      0.00      0.00         3
          28       0.00      0.00      0.00         1
          29       0.00      0.00      0.00         2
          30       0.00      0.00      0.00         2
          31       0.00      0.00      0.00         3
          32       0.00      0.00      0.00         0
          33       0.00      0.00      0.00         3
          34       0.00      0.00      0.00         2
          35       0.00      0.00      0.00         1
          36       0.00      0.00      0.00         1
          37       0.00      0.00      0.00         1
          39       0.00      0.00      0.00         2
          40       0.00      0.00      0.00         2
          41       0.00      0.00      0.00         2
          42       0.00      0.00      0.00         1
          43       0.00      0.00      0.00         1
          44       0.00      0.00      0.00         2
          45       0.00      0.00      0.00         3
          46       0.00      0.00      0.00         1
          47       0.00      0.00      0.00         1
          48       0.00      0.00      0.00         2
          49       0.00      0.00      0.00         2
          50       0.00      0.00      0.00         2
          51       0.00      0.00      0.00         2
          52       0.00      0.00      0.00         1
          53       0.00      0.00      0.00         2
          54       0.00      0.00      0.00         3
          56       0.00      0.00      0.00         3
          57       0.00      0.00      0.00         3
          59       0.00      0.00      0.00         3
          60       0.00      0.00      0.00         3
          61       0.00      0.00      0.00         4
          62       0.00      0.00      0.00         2
          65       0.00      0.00      0.00         3
          66       0.00      0.00      0.00         2
          67       0.10      0.20      0.13         5
          68       0.00      0.00      0.00         4
          69       0.00      0.00      0.00         3
          70       0.00      0.00      0.00         0
          72       0.00      0.00      0.00         0
          74       0.00      0.00      0.00         2
          75       0.00      0.00      0.00         3
          76       0.00      0.00      0.00         1
          78       0.00      0.00      0.00         1
          79       0.00      0.00      0.00         0
          80       0.07      1.00      0.13         1
          81       0.00      0.00      0.00         0
          82       0.00      0.00      0.00         1
          83       0.00      0.00      0.00         2
          84       0.00      0.00      0.00         1
          85       0.40      0.67      0.50         3
          86       0.22      0.67      0.33         3
          87       0.33      0.50      0.40         2
          88       0.00      0.00      0.00         5
          89       0.00      0.00      0.00         3
          90       0.00      0.00      0.00         3
          91       0.00      0.00      0.00         1
          92       0.00      0.00      0.00         2
          93       0.00      0.00      0.00         3
          94       0.00      0.00      0.00         2
          96       0.00      0.00      0.00         1
          97       0.00      0.00      0.00         1
          98       0.00      0.00      0.00         2
          99       0.00      0.00      0.00         1
         100       0.00      0.00      0.00         2
         101       0.25      0.50      0.33         2
         103       0.00      0.00      0.00         1
         104       0.00      0.00      0.00         1
         105       0.00      0.00      0.00         1
         106       0.00      0.00      0.00         1
         108       0.00      0.00      0.00         1
         109       0.00      0.00      0.00         2
         110       0.00      0.00      0.00         3
         111       0.00      0.00      0.00         1
         112       0.00      0.00      0.00         6
         113       0.00      0.00      0.00         2
         114       0.00      0.00      0.00         1
         115       0.00      0.00      0.00         0
         116       0.00      0.00      0.00         1
         117       0.00      0.00      0.00         1
         118       0.00      0.00      0.00         1
         119       0.00      0.00      0.00         1

    accuracy                           0.05       206
   macro avg       0.01      0.05      0.02       206
weighted avg       0.02      0.05      0.03       206

0.04854368932038835
GradientBoostingClassifier
[[1 0 1 ... 0 0 0]
 [0 0 0 ... 0 0 0]
 [0 0 0 ... 0 0 0]
 ...
 [0 0 0 ... 0 0 0]
 [0 0 0 ... 0 0 1]
 [0 0 0 ... 0 0 0]]
              precision    recall  f1-score   support

           0       0.25      0.33      0.29         3
           1       0.00      0.00      0.00         2
           2       0.00      0.00      0.00         3
           3       0.00      0.00      0.00         3
           4       0.00      0.00      0.00         1
           5       0.00      0.00      0.00         3
           6       0.00      0.00      0.00         4
           7       0.00      0.00      0.00         0
           8       0.00      0.00      0.00         2
           9       0.00      0.00      0.00         3
          10       0.00      0.00      0.00         1
          11       0.00      0.00      0.00         2
          12       0.00      0.00      0.00         2
          13       0.00      0.00      0.00         0
          14       0.00      0.00      0.00         2
          15       0.12      0.50      0.20         2
          16       0.00      0.00      0.00         2
          17       0.00      0.00      0.00         1
          18       0.00      0.00      0.00         3
          19       0.00      0.00      0.00         3
          20       0.00      0.00      0.00         0
          21       0.00      0.00      0.00         0
          22       0.00      0.00      0.00         5
          23       0.00      0.00      0.00         0
          24       0.00      0.00      0.00         1
          25       0.00      0.00      0.00         3
          27       0.00      0.00      0.00         3
          28       0.12      1.00      0.22         1
          29       0.00      0.00      0.00         2
          30       0.00      0.00      0.00         2
          31       0.00      0.00      0.00         3
          32       0.00      0.00      0.00         0
          33       0.00      0.00      0.00         3
          34       0.00      0.00      0.00         2
          35       0.00      0.00      0.00         1
          36       0.00      0.00      0.00         1
          37       0.00      0.00      0.00         1
          39       0.33      0.50      0.40         2
          40       0.50      0.50      0.50         2
          41       0.00      0.00      0.00         2
          42       0.00      0.00      0.00         1
          43       0.00      0.00      0.00         1
          44       0.00      0.00      0.00         2
          45       0.00      0.00      0.00         3
          46       0.00      0.00      0.00         1
          47       0.00      0.00      0.00         1
          48       0.00      0.00      0.00         2
          49       0.00      0.00      0.00         2
          50       0.00      0.00      0.00         2
          51       0.00      0.00      0.00         2
          52       0.00      0.00      0.00         1
          53       0.00      0.00      0.00         2
          54       0.00      0.00      0.00         3
          56       0.00      0.00      0.00         3
          57       0.00      0.00      0.00         3
          58       0.00      0.00      0.00         0
          59       0.00      0.00      0.00         3
          60       0.00      0.00      0.00         3
          61       0.00      0.00      0.00         4
          62       0.00      0.00      0.00         2
          65       0.00      0.00      0.00         3
          66       0.33      0.50      0.40         2
          67       0.00      0.00      0.00         5
          68       0.33      0.25      0.29         4
          69       0.00      0.00      0.00         3
          72       0.00      0.00      0.00         0
          73       0.00      0.00      0.00         0
          74       0.00      0.00      0.00         2
          75       0.00      0.00      0.00         3
          76       0.00      0.00      0.00         1
          78       0.00      0.00      0.00         1
          79       0.00      0.00      0.00         0
          80       0.00      0.00      0.00         1
          82       0.00      0.00      0.00         1
          83       0.25      0.50      0.33         2
          84       0.00      0.00      0.00         1
          85       0.00      0.00      0.00         3
          86       0.29      0.67      0.40         3
          87       0.00      0.00      0.00         2
          88       0.00      0.00      0.00         5
          89       0.00      0.00      0.00         3
          90       0.00      0.00      0.00         3
          91       0.00      0.00      0.00         1
          92       0.20      0.50      0.29         2
          93       0.00      0.00      0.00         3
          94       0.00      0.00      0.00         2
          96       0.00      0.00      0.00         1
          97       0.00      0.00      0.00         1
          98       0.00      0.00      0.00         2
          99       0.00      0.00      0.00         1
         100       1.00      0.50      0.67         2
         101       0.33      0.50      0.40         2
         103       0.00      0.00      0.00         1
         104       0.00      0.00      0.00         1
         105       0.00      0.00      0.00         1
         106       0.00      0.00      0.00         1
         108       0.00      0.00      0.00         1
         109       0.00      0.00      0.00         2
         110       1.00      0.33      0.50         3
         111       0.00      0.00      0.00         1
         112       0.14      0.17      0.15         6
         113       0.00      0.00      0.00         2
         114       0.00      0.00      0.00         1
         115       0.00      0.00      0.00         0
         116       0.00      0.00      0.00         1
         117       0.00      0.00      0.00         1
         118       0.00      0.00      0.00         1
         119       0.00      0.00      0.00         1

    accuracy                           0.07       206
   macro avg       0.05      0.06      0.05       206
weighted avg       0.06      0.07      0.06       206

0.07281553398058252
