GaussianNB
[[0 0 0 ... 0 0 0]
 [0 0 0 ... 0 0 0]
 [0 0 0 ... 0 0 0]
 ...
 [0 0 0 ... 0 0 0]
 [0 0 0 ... 0 0 0]
 [0 0 0 ... 0 0 0]]
              precision    recall  f1-score   support

           0       0.00      0.00      0.00         1
           1       0.00      0.00      0.00         1
           2       0.00      0.00      0.00         2
           3       0.00      0.00      0.00         2
           5       0.00      0.00      0.00         3
           6       0.00      0.00      0.00         4
           7       0.00      0.00      0.00         0
           9       0.00      0.00      0.00         2
          10       0.25      1.00      0.40         1
          11       0.00      0.00      0.00         2
          12       0.00      0.00      0.00         1
          13       0.00      0.00      0.00         0
          14       0.00      0.00      0.00         2
          15       0.00      0.00      0.00         1
          16       0.00      0.00      0.00         0
          17       0.00      0.00      0.00         1
          18       0.00      0.00      0.00         2
          19       0.00      0.00      0.00         1
          21       0.00      0.00      0.00         0
          22       0.00      0.00      0.00         1
          25       0.00      0.00      0.00         2
          27       0.00      0.00      0.00         3
          29       0.00      0.00      0.00         2
          30       0.00      0.00      0.00         2
          31       0.00      0.00      0.00         3
          32       0.00      0.00      0.00         0
          33       0.00      0.00      0.00         1
          34       0.00      0.00      0.00         2
          35       0.00      0.00      0.00         1
          36       0.00      0.00      0.00         1
          37       0.00      0.00      0.00         1
          39       0.00      0.00      0.00         2
          40       0.00      0.00      0.00         2
          41       0.00      0.00      0.00         1
          42       0.00      0.00      0.00         1
          45       0.00      0.00      0.00         2
          47       0.00      0.00      0.00         1
          48       0.00      0.00      0.00         2
          49       0.00      0.00      0.00         0
          50       0.00      0.00      0.00         2
          51       0.00      0.00      0.00         2
          52       0.00      0.00      0.00         1
          53       0.00      0.00      0.00         1
          54       0.00      0.00      0.00         2
          56       0.00      0.00      0.00         2
          57       0.00      0.00      0.00         2
          59       0.00      0.00      0.00         2
          60       0.00      0.00      0.00         3
          61       0.20      1.00      0.33         1
          62       0.00      0.00      0.00         1
          65       1.00      1.00      1.00         1
          66       0.00      0.00      0.00         1
          67       0.17      1.00      0.29         2
          68       0.00      0.00      0.00         3
          69       0.00      0.00      0.00         1
          72       0.00      0.00      0.00         0
          74       0.00      0.00      0.00         2
          75       0.00      0.00      0.00         1
          76       0.00      0.00      0.00         1
          78       0.00      0.00      0.00         0
          80       0.17      1.00      0.29         1
          81       0.00      0.00      0.00         0
          83       0.00      0.00      0.00         1
          84       0.00      0.00      0.00         1
          85       0.00      0.00      0.00         1
          86       0.25      0.50      0.33         2
          87       0.00      0.00      0.00         1
          88       0.00      0.00      0.00         3
          89       0.00      0.00      0.00         3
          90       0.00      0.00      0.00         1
          91       0.00      0.00      0.00         1
          92       0.33      1.00      0.50         1
          93       0.00      0.00      0.00         2
          94       0.00      0.00      0.00         1
          97       0.00      0.00      0.00         1
          98       0.00      0.00      0.00         0
          99       0.00      0.00      0.00         1
         100       0.00      0.00      0.00         1
         101       0.00      0.00      0.00         2
         103       0.00      0.00      0.00         0
         105       0.00      0.00      0.00         1
         106       0.00      0.00      0.00         1
         109       0.00      0.00      0.00         1
         110       0.00      0.00      0.00         3
         111       0.00      0.00      0.00         1
         112       0.00      0.00      0.00         2
         113       0.00      0.00      0.00         1
         114       0.00      0.00      0.00         0
         115       0.00      0.00      0.00         0
         117       0.00      0.00      0.00         1
         118       0.00      0.00      0.00         1
         119       0.00      0.00      0.00         1

    accuracy                           0.06       124
   macro avg       0.03      0.07      0.03       124
weighted avg       0.02      0.06      0.03       124

0.06451612903225806
GradientBoostingClassifier
[[0 0 0 ... 0 0 0]
 [0 0 0 ... 0 0 0]
 [0 0 0 ... 0 0 0]
 ...
 [0 0 0 ... 0 0 0]
 [0 0 0 ... 0 0 0]
 [0 0 0 ... 0 0 0]]
              precision    recall  f1-score   support

           0       0.00      0.00      0.00         1
           1       0.00      0.00      0.00         1
           2       0.00      0.00      0.00         2
           3       0.00      0.00      0.00         2
           4       0.00      0.00      0.00         0
           5       0.00      0.00      0.00         3
           6       0.00      0.00      0.00         4
           7       0.00      0.00      0.00         0
           8       0.00      0.00      0.00         0
           9       0.00      0.00      0.00         2
          10       0.00      0.00      0.00         1
          11       0.00      0.00      0.00         2
          12       0.00      0.00      0.00         1
          13       0.00      0.00      0.00         0
          14       0.00      0.00      0.00         2
          15       0.00      0.00      0.00         1
          16       0.00      0.00      0.00         0
          17       0.00      0.00      0.00         1
          18       0.00      0.00      0.00         2
          19       0.00      0.00      0.00         1
          20       0.00      0.00      0.00         0
          21       0.00      0.00      0.00         0
          22       0.00      0.00      0.00         1
          24       0.00      0.00      0.00         0
          25       0.00      0.00      0.00         2
          27       0.00      0.00      0.00         3
          28       0.00      0.00      0.00         0
          29       0.00      0.00      0.00         2
          30       0.00      0.00      0.00         2
          31       0.00      0.00      0.00         3
          32       0.00      0.00      0.00         0
          33       0.00      0.00      0.00         1
          34       0.00      0.00      0.00         2
          35       0.00      0.00      0.00         1
          36       0.00      0.00      0.00         1
          37       0.00      0.00      0.00         1
          39       0.00      0.00      0.00         2
          40       1.00      0.50      0.67         2
          41       0.00      0.00      0.00         1
          42       0.00      0.00      0.00         1
          43       0.00      0.00      0.00         0
          45       0.00      0.00      0.00         2
          47       0.00      0.00      0.00         1
          48       0.00      0.00      0.00         2
          50       0.00      0.00      0.00         2
          51       0.00      0.00      0.00         2
          52       0.00      0.00      0.00         1
          53       0.00      0.00      0.00         1
          54       0.00      0.00      0.00         2
          56       0.00      0.00      0.00         2
          57       0.00      0.00      0.00         2
          58       0.00      0.00      0.00         0
          59       0.00      0.00      0.00         2
          60       0.00      0.00      0.00         3
          61       0.00      0.00      0.00         1
          62       0.00      0.00      0.00         1
          65       1.00      1.00      1.00         1
          66       0.00      0.00      0.00         1
          67       0.00      0.00      0.00         2
          68       0.00      0.00      0.00         3
          69       0.00      0.00      0.00         1
          72       0.00      0.00      0.00         0
          74       0.00      0.00      0.00         2
          75       0.00      0.00      0.00         1
          76       0.00      0.00      0.00         1
          78       0.00      0.00      0.00         0
          80       0.00      0.00      0.00         1
          82       0.00      0.00      0.00         0
          83       0.00      0.00      0.00         1
          84       0.00      0.00      0.00         1
          85       0.00      0.00      0.00         1
          86       0.00      0.00      0.00         2
          87       0.00      0.00      0.00         1
          88       0.00      0.00      0.00         3
          89       0.00      0.00      0.00         3
          90       0.00      0.00      0.00         1
          91       0.00      0.00      0.00         1
          92       0.00      0.00      0.00         1
          93       0.00      0.00      0.00         2
          94       0.00      0.00      0.00         1
          97       0.00      0.00      0.00         1
          98       0.00      0.00      0.00         0
          99       0.00      0.00      0.00         1
         100       0.00      0.00      0.00         1
         101       0.50      0.50      0.50         2
         105       0.00      0.00      0.00         1
         106       0.00      0.00      0.00         1
         109       0.00      0.00      0.00         1
         110       0.50      0.33      0.40         3
         111       0.00      0.00      0.00         1
         112       0.00      0.00      0.00         2
         113       0.00      0.00      0.00         1
         114       0.00      0.00      0.00         0
         117       0.00      0.00      0.00         1
         118       0.00      0.00      0.00         1
         119       0.00      0.00      0.00         1

    accuracy                           0.03       124
   macro avg       0.03      0.02      0.03       124
weighted avg       0.04      0.03      0.04       124

0.03225806451612903
