GaussianNB
[[0 0 0 ... 0 0 0]
 [0 0 0 ... 0 0 0]
 [0 0 0 ... 0 0 0]
 ...
 [0 0 0 ... 0 0 0]
 [0 0 0 ... 0 0 0]
 [0 0 0 ... 0 0 1]]
              precision    recall  f1-score   support

           0       0.00      0.00      0.00         1
           1       0.00      0.00      0.00         1
           2       0.00      0.00      0.00         2
           3       0.00      0.00      0.00         1
           5       0.00      0.00      0.00         1
           6       0.00      0.00      0.00         1
           7       0.00      0.00      0.00         0
           8       0.00      0.00      0.00         1
           9       0.00      0.00      0.00         2
          10       0.00      0.00      0.00         0
          11       0.00      0.00      0.00         2
          13       0.00      0.00      0.00         2
          14       0.00      0.00      0.00         2
          15       0.00      0.00      0.00         3
          16       0.00      0.00      0.00         2
          17       0.00      0.00      0.00         1
          18       0.00      0.00      0.00         3
          19       0.00      0.00      0.00         2
          20       0.00      0.00      0.00         1
          21       0.00      0.00      0.00         1
          22       0.00      0.00      0.00         1
          23       0.00      0.00      0.00         1
          24       0.00      0.00      0.00         1
          25       0.33      1.00      0.50         1
          26       0.00      0.00      0.00         1
          27       0.00      0.00      0.00         1
          28       0.00      0.00      0.00         0
          29       0.00      0.00      0.00         2
          30       0.00      0.00      0.00         2
          31       0.00      0.00      0.00         1
          32       0.00      0.00      0.00         0
          33       0.00      0.00      0.00         1
          34       0.00      0.00      0.00         2
          35       0.00      0.00      0.00         1
          36       0.00      0.00      0.00         2
          38       0.00      0.00      0.00         2
          39       0.00      0.00      0.00         1
          40       0.00      0.00      0.00         1
          41       0.00      0.00      0.00         0
          42       0.00      0.00      0.00         2
          43       0.00      0.00      0.00         2
          44       0.00      0.00      0.00         1
          45       0.25      1.00      0.40         1
          46       0.00      0.00      0.00         1
          47       0.00      0.00      0.00         0
          48       0.00      0.00      0.00         4
          49       0.00      0.00      0.00         4
          50       0.00      0.00      0.00         2
          51       0.00      0.00      0.00         4
          52       0.00      0.00      0.00         2
          53       0.00      0.00      0.00         1
          54       0.00      0.00      0.00         0
          55       0.00      0.00      0.00         3
          56       0.00      0.00      0.00         1
          57       0.00      0.00      0.00         0
          58       0.00      0.00      0.00         0
          59       0.00      0.00      0.00         1
          60       0.00      0.00      0.00         2
          61       0.00      0.00      0.00         3
          62       0.00      0.00      0.00         1
          63       0.00      0.00      0.00         1
          64       0.00      0.00      0.00         1
          65       1.00      0.50      0.67         2
          66       0.00      0.00      0.00         2
          67       0.05      1.00      0.10         1
          68       0.00      0.00      0.00         1
          69       0.00      0.00      0.00         4
          70       0.00      0.00      0.00         0
          71       0.00      0.00      0.00         1
          72       0.00      0.00      0.00         1
          73       0.00      0.00      0.00         1
          74       0.00      0.00      0.00         3
          75       0.00      0.00      0.00         2
          76       0.00      0.00      0.00         0
          77       0.00      0.00      0.00         1
          78       0.00      0.00      0.00         1
          79       0.00      0.00      0.00         3
          80       0.00      0.00      0.00         0
          81       0.00      0.00      0.00         1
          82       0.00      0.00      0.00         1
          83       0.00      0.00      0.00         1
          84       0.00      0.00      0.00         3
          85       0.00      0.00      0.00         1
          86       0.17      0.50      0.25         2
          87       0.00      0.00      0.00         3
          88       0.00      0.00      0.00         2
          89       0.00      0.00      0.00         0
          90       0.00      0.00      0.00         0
          91       0.00      0.00      0.00         1
          92       0.33      0.50      0.40         2
          93       0.00      0.00      0.00         2
          94       0.00      0.00      0.00         2
          95       0.00      0.00      0.00         1
          96       0.00      0.00      0.00         1
          97       0.00      0.00      0.00         1
          98       0.00      0.00      0.00         1
          99       0.00      0.00      0.00         3
         101       0.00      0.00      0.00         1
         102       0.00      0.00      0.00         2
         103       0.00      0.00      0.00         3
         105       0.00      0.00      0.00         2
         106       0.00      0.00      0.00         2
         107       0.00      0.00      0.00         2
         108       0.00      0.00      0.00         0
         109       0.00      0.00      0.00         2
         110       0.00      0.00      0.00         4
         111       0.00      0.00      0.00         2
         112       0.00      0.00      0.00         0
         113       0.00      0.00      0.00         1
         114       0.00      0.00      0.00         2
         116       1.00      1.00      1.00         1
         117       0.00      0.00      0.00         2
         118       0.00      0.00      0.00         0
         119       0.25      0.50      0.33         2

    accuracy                           0.05       166
   macro avg       0.03      0.05      0.03       166
weighted avg       0.03      0.05      0.03       166

0.04819277108433735
GradientBoostingClassifier
[[0 0 0 ... 0 0 0]
 [0 0 0 ... 0 0 0]
 [0 0 0 ... 0 0 0]
 ...
 [0 0 0 ... 0 0 0]
 [0 0 0 ... 0 0 0]
 [0 0 0 ... 0 0 0]]
              precision    recall  f1-score   support

           0       0.00      0.00      0.00         1
           1       0.00      0.00      0.00         1
           2       0.00      0.00      0.00         2
           3       0.00      0.00      0.00         1
           4       0.00      0.00      0.00         0
           5       0.00      0.00      0.00         1
           6       0.00      0.00      0.00         1
           7       0.00      0.00      0.00         0
           8       0.00      0.00      0.00         1
           9       0.00      0.00      0.00         2
          10       0.00      0.00      0.00         0
          11       0.00      0.00      0.00         2
          12       0.00      0.00      0.00         0
          13       0.00      0.00      0.00         2
          14       0.00      0.00      0.00         2
          15       0.00      0.00      0.00         3
          16       0.00      0.00      0.00         2
          17       0.00      0.00      0.00         1
          18       0.00      0.00      0.00         3
          19       0.00      0.00      0.00         2
          20       0.00      0.00      0.00         1
          21       0.00      0.00      0.00         1
          22       0.00      0.00      0.00         1
          23       0.00      0.00      0.00         1
          24       0.00      0.00      0.00         1
          25       0.50      1.00      0.67         1
          26       0.25      1.00      0.40         1
          27       0.00      0.00      0.00         1
          28       0.00      0.00      0.00         0
          29       0.00      0.00      0.00         2
          30       0.00      0.00      0.00         2
          31       0.00      0.00      0.00         1
          32       0.00      0.00      0.00         0
          33       0.00      0.00      0.00         1
          34       0.00      0.00      0.00         2
          35       0.00      0.00      0.00         1
          36       0.00      0.00      0.00         2
          38       0.00      0.00      0.00         2
          39       0.00      0.00      0.00         1
          40       0.17      1.00      0.29         1
          41       0.00      0.00      0.00         0
          42       0.00      0.00      0.00         2
          43       0.00      0.00      0.00         2
          44       0.00      0.00      0.00         1
          45       0.00      0.00      0.00         1
          46       0.00      0.00      0.00         1
          47       0.00      0.00      0.00         0
          48       0.00      0.00      0.00         4
          49       0.00      0.00      0.00         4
          50       0.00      0.00      0.00         2
          51       0.00      0.00      0.00         4
          52       0.00      0.00      0.00         2
          53       0.00      0.00      0.00         1
          54       0.00      0.00      0.00         0
          55       0.00      0.00      0.00         3
          56       0.00      0.00      0.00         1
          57       0.00      0.00      0.00         0
          58       0.00      0.00      0.00         0
          59       0.00      0.00      0.00         1
          60       0.00      0.00      0.00         2
          61       0.50      0.33      0.40         3
          62       0.00      0.00      0.00         1
          63       0.00      0.00      0.00         1
          64       0.00      0.00      0.00         1
          65       1.00      1.00      1.00         2
          66       0.00      0.00      0.00         2
          67       0.17      1.00      0.29         1
          68       0.00      0.00      0.00         1
          69       0.00      0.00      0.00         4
          71       0.00      0.00      0.00         1
          72       0.00      0.00      0.00         1
          73       0.00      0.00      0.00         1
          74       0.00      0.00      0.00         3
          75       0.00      0.00      0.00         2
          77       0.00      0.00      0.00         1
          78       0.00      0.00      0.00         1
          79       0.00      0.00      0.00         3
          81       0.00      0.00      0.00         1
          82       0.00      0.00      0.00         1
          83       0.00      0.00      0.00         1
          84       0.00      0.00      0.00         3
          85       0.00      0.00      0.00         1
          86       0.25      0.50      0.33         2
          87       0.00      0.00      0.00         3
          88       0.00      0.00      0.00         2
          89       0.00      0.00      0.00         0
          90       0.00      0.00      0.00         0
          91       0.00      0.00      0.00         1
          92       0.00      0.00      0.00         2
          93       0.00      0.00      0.00         2
          94       0.00      0.00      0.00         2
          95       0.00      0.00      0.00         1
          96       0.00      0.00      0.00         1
          97       0.00      0.00      0.00         1
          98       0.00      0.00      0.00         1
          99       0.00      0.00      0.00         3
         100       0.00      0.00      0.00         0
         101       0.33      1.00      0.50         1
         102       1.00      0.50      0.67         2
         103       0.00      0.00      0.00         3
         105       0.00      0.00      0.00         2
         106       0.00      0.00      0.00         2
         107       0.00      0.00      0.00         2
         108       0.00      0.00      0.00         0
         109       0.00      0.00      0.00         2
         110       0.75      0.75      0.75         4
         111       0.00      0.00      0.00         2
         112       0.00      0.00      0.00         0
         113       0.00      0.00      0.00         1
         114       0.00      0.00      0.00         2
         116       1.00      1.00      1.00         1
         117       0.00      0.00      0.00         2
         118       0.00      0.00      0.00         0
         119       0.00      0.00      0.00         2

    accuracy                           0.08       166
   macro avg       0.05      0.08      0.06       166
weighted avg       0.07      0.08      0.07       166

0.08433734939759036
